     its       =      154
     pin       =  0.1500000E+01
     nprime    =  0.1000000E+03
     jmax      =      256
     kmax      =      256
     jout      =      242
     kout      =       50
     omega max =  0.3687309-312
     omaxj     =  0.2560000E+03
     omegacen  =  0.5742248E-01
     rhocen    =  0.9573729E-01
     rhomax    =  0.1000000E+01
     xk        =  0.1000000E+01
     wwpoly    = -0.3419473E+00
     ttpoly    =  0.9711937E-02
     sspoly    =  0.1075296E+00
     u/|w|     =  0.4716939E+00
     t/|w|     =  0.2840186E-01
     etot      = -0.1709409E+00
     ve        =  0.1915486E-03
     repoly    =  0.1162272E+02
     re/rp     =  0.5000000E+01
     jtotp     =  0.1542789E+00
     jtoth     =  0.2460329E-04
     rotip     =  0.1402764E+01
     rotih     =  0.6917184E-04
     rhf(jout) =  0.1002083E+01
     drpoly    =  0.4842800E-01
